 Excentricidade:   0.94116309206221738     
 Excentricidade:   0.96530718893950973     
 Excentricidade:   0.96842307384382686     
 Excentricidade:   0.97306250764605118     
