./tarefa-a1.exe
 dt =    2.7397260273972603E-003
 Periodo =    1.0000000000000000     
 3a Lei de Kepler : r^3 / T^2 =  0.99997796469273814     
 Excentricidade:    8.6060579972684348E-003
